>> A = [1,2,3,4;2,4,6,8;-1,-2,-3,-4;1,1,1,1]
A =

   1   2   3   4
   2   4   6   8
  -1  -2  -3  -4
   1   1   1   1

>> rank(A)
ans =  2

>>  b = [1,2,3,1]'
b =

   1
   2
   3
   1

>> GaussElimSolve(A,b)

Incompatible!
>> GaussElimSolve(A,b)
U =

   2   4   6   8
   0  -1  -2  -3
   0   0   0   0
   0   0   0   0

c =

   2
   0
   4
   0


Incompatible!
>> A = [1,2,3,4;2,4,6,8;-1,-2,-3,-4;1,1,1,12]
A =

    1    2    3    4
    2    4    6    8
   -1   -2   -3   -4
    1    1    1   12

>> rank(A)
ans =  2
>> A = [1,2,3,4;2,4,6,8;-1,-2,-3,-4;1,-122,1,12]
A =

     1     2     3     4
     2     4     6     8
    -1    -2    -3    -4
     1  -122     1    12

>> rank(A)
ans =  2
>> A = [1,2,3,4;2,4,6,8;-1,-2,-3,-41;1,1,1,12]
A =

    1    2    3    4
    2    4    6    8
   -1   -2   -3  -41
    1    1    1   12

>> rank(A)
ans =  3
>> GaussElimSolve(A,b)
U =

    2    4    6    8
    0   -1   -2    8
    0    0    0  -37
    0    0    0    0

c =

   2
   0
   4
   0


Compatible, undefined!
>>  b = [1,21,3,1]'
b =

    1
   21
    3
    1

>> GaussElimSolve(A,b)
U =

    2    4    6    8
    0   -1   -2    8
    0    0    0  -37
    0    0    0    0

c =

   21.0000
   -9.5000
   13.5000
   -9.5000


Incompatible!
>> A = [1,22,3,4;2,4,6,8;-1,-2,-3,-41;1,1,1,12]
A =

    1   22    3    4
    2    4    6    8
   -1   -2   -3  -41
    1    1    1   12

>> GaussElimSolve(A,b)
U =

    2    4    6    8
    0   20    0    0
    0    0   -2    8
    0    0    0  -37

c =

   21.0000
   -9.5000
   -9.9750
   13.5000


Compatible, defined
ans =

   0   0   0   0

>> GaussElimSolve(A,b)
U =

    2    4    6    8
    0   20    0    0
    0    0   -2    8
    0    0    0  -37

c =

   21.0000
   -9.5000
   -9.9750
   13.5000


Compatible, defined
ans =

   2.32534  -0.47500   3.52804  -0.36486

>> A\b
ans =

   2.32534
  -0.47500
   3.52804
  -0.36486

>>
